length=[4666.01, 1;
3590.82, 1;
