length=[922.56, 1;
