length=[31568.9, 513;
