length=[45.2412, 233;
181.796, 1600436907000;
626.448, 1600436907009;
216.576, 1600436907014;
269.23, 1600436907023;
14.8956, 1600436907023;
95.8863, 1600436907027;
518.784, 1600436907033;
135.169, 1600436907033;
98.0341, 1600436907034;
84.5934, 1600436907034;
60.7603, 1600436907035;
59.5825, 1600436907035;
963.09, 1600436907052;
111.128, 1600436907053;
75.656, 1600436907053;
38.6594, 1600436907054;
70.8062, 1600436907055;
68.5892, 1600436907056;
1461.09, 1600436907119;
20.5768, 1600436907235;
