length=[75.2403, 7;
40.7378, 1600419017114;
85.0783, 1600419017116;
59.3054, 1600419017116;
20.5768, 1600419017117;
58.0583, 1600419017117;
324.101, 1600419017120;
62.631, 1600419017120;
17.1819, 1600419017121;
23.5559, 1600419017121;
21.3389, 1600419017122;
33.9482, 1600419017122;
664.9, 1600419017130;
288.698, 1600419017131;
102.815, 1600419017131;
1477.72, 1600419017193;
750.671, 1600419017316;
51.5458, 1600419017317;
68.7971, 1600419017320;
22.6552, 1600419017321;
14.9649, 1600419017321;
42.1235, 1600419017321;
36.858, 1600419017322;
42.8856, 1600419017322;
154.36, 1600419017323;
74.0625, 1600419017324;
