length=[392.136, 1;
289.737, 1599138433285;
291.816, 1599138433286;
134.615, 1599138433286;
48.151, 1599138433286;
171.404, 1599138433287;
266.874, 1599138433288;
17.3205, 1599138433289;
15.0342, 1599138433289;
