length=[3052.57, 57;
3234.36, 1598972825391;
3080.97, 1598972825553;
365.74, 1598972825554;
96.302, 1598972825554;
725.244, 1598972825555;
52.9315, 1598972825555;
356.11, 1598972825556;
82.9999, 1598972825556;
40.9457, 1598972825557;
126.855, 1598972825557;
133.091, 1598972825558;
55.1485, 1598972825558;
123.876, 1598972825559;
30.3455, 1598972825559;
17.6669, 1598972825560;
93.1843, 1598972825560;
65.6794, 1598972825561;
139.88, 1598972825562;
48.3589, 1598972825562;
198.147, 1598972825563;
64.5709, 1598972825564;
213.25, 1598972825602;
86.0483, 1598972825603;
47.8739, 1598972825603;
863.462, 1598972825604;
132.537, 1598972825604;
152.975, 1598972825605;
30.3455, 1598972825605;
152.975, 1598972825606;
22.101, 1598972825606;
16.7663, 1598972825606;
46.1418, 1598972825606;
199.602, 1598972825607;
148.61, 1598972825607;
42.5392, 1598972825607;
44.8255, 1598972825608;
115.632, 1598972825608;
211.172, 1598972825608;
52.1001, 1598972825608;
15.4499, 1598972825609;
34.0175, 1598972825609;
17.5284, 1598972825609;
16.1427, 1598972825609;
7.55174, 1598972825610;
8.38313, 1598972825610;
9.28379, 1598972825610;
15.0342, 1598972825611;
23.6252, 1598972825611;
