length=[27342.7, 245;
27320.2, 302;
