length=[19528.7, 342;
