length=[14.0643, 0;
13.8564, 1599655961352;
2331.76, 1599655961541;
148.749, 1599655961555;
86.3254, 1599655961556;
33.8789, 1599655961556;
43.5784, 1599655961556;
106.833, 1599655961557;
71.3605, 1599655961557;
15.8656, 1599655961558;
27.3664, 1599655961558;
