length=[45414.7, 499;
45379.4, 514;
45334.6, 528;
];
timeEval = 2529;
timeLKH = 2163;
timeRRTs = 0;
timeDistEval = 45;
timeDBS = 0;
