length=[1645.03, 1;
