length=[13065.8, 361;
