length=[29861.8, 342;
29861.1, 363;
