length=[13062.7, 21;
