length=[3227.78, 9;
