length=[812.54, 0;
8572.06, 13;
1075.4, 72;
1647.25, 72;
