length=[2040.08, 2;
