length=[-1.48735e+08, 1593184024776;
];
timeEval = 2832;
timeLKH = 2788;
timeRRTs = 0;
timeDistEval = 32;
timeDBS = 0;
