length=[916.186, 0;
5298.27, 5;
799.93, 5;
1239.94, 6;
112.791, 6;
116.255, 7;
