inspectionPath = [0, 0, 100, 0, 0, 0;
-2.43519, -3.96817, 99.5045, 0, 0, -1.14159;
-2.43519, -3.96817, 99.5045, 0, 0, -1.14159;
-8.05121, -16.1531, 96.2971, 0, 0, -1.54159;
-8.05121, -16.1531, 96.2971, 0, 0, -1.54159;
-11.3012, -22.7235, 90.5916, 0, 0, 1.25841;
-11.3012, -22.7235, 90.5916, 0, 0, 1.25841;
-13.4845, -29.8422, 83.2899, 0, 0, 1.45841;
-13.4845, -29.8422, 83.2899, 0, 0, 1.45841;
-17.1608, -38.4176, 75.5872, 0, 0, 0.658407;
-17.1608, -38.4176, 75.5872, 0, 0, 0.658407;
-19.3806, -34.8262, 72.3133, 0, 0, -0.341593;
-19.3806, -34.8262, 72.3133, 0, 0, -0.341593;
-24.4884, -32.239, 69.4902, 0, 0, -0.141593;
-24.4884, -32.239, 69.4902, 0, 0, -0.141593;
-29.7836, -29.0567, 67.2348, 0, 0, -0.541593;
-29.7836, -29.0567, 67.2348, 0, 0, -0.541593;
-34.7234, -24.7274, 65.6982, 0, 0, -0.341593;
-34.7234, -24.7274, 65.6982, 0, 0, -0.341593;
-38.6745, -22.8314, 64.9465, 0, 0, -0.741593;
-38.6745, -22.8314, 64.9465, 0, 0, -0.741593;
-36.4975, -18.6202, 67.1833, 0, 0, -0.741593;
-36.4975, -18.6202, 67.1833, 0, 0, -0.741593;
-34.5082, -17.1004, 69.5591, 0, 0, -0.341593;
-34.5082, -17.1004, 69.5591, 0, 0, -0.341593;
-31.5535, -15.9713, 69.4659, 0, 0, -0.341593;
-31.5535, -15.9713, 69.4659, 0, 0, -0.341593;
-22.774, -5.03462, 65.0708, 0, 0, -1.14159;
-22.774, -5.03462, 65.0708, 0, 0, -1.14159;
-18.9729, -1.66051, 65.9485, 0, 0, -1.34159;
-18.9729, -1.66051, 65.9485, 0, 0, -1.34159;
-14.9832, -0.488828, 64.3275, 0, 0, -1.34159;
-14.9832, -0.488828, 64.3275, 0, 0, -1.34159;
-12.852, -0.487821, 64.3173, 0, 0, -1.74159;
-12.852, -0.487821, 64.3173, 0, 0, -1.74159;
-11.2243, -0.807227, 63.7832, 0, 0, -1.94159;
-11.2243, -0.807227, 63.7832, 0, 0, -1.94159;
-9.98866, -0.845491, 63.0997, 0, 0, -1.94159;
-9.98866, -0.845491, 63.0997, 0, 0, -1.94159;
-9.17365, -0.690642, 62.2126, 0, 0, -1.94159;
-9.17365, -0.690642, 62.2126, 0, 0, -1.94159;
-9.04441, -0.893104, 60.1609, 0, 0, -1.94159;
-9.04441, -0.893104, 60.1609, 0, 0, -1.94159;
-9.18122, -0.84389, 57.9695, 0, 0, -0.941593;
-9.18122, -0.84389, 57.9695, 0, 0, -0.941593;
-9.58899, -0.961361, 55.0877, 0, 0, 0.0584073;
-9.58899, -0.961361, 55.0877, 0, 0, 0.0584073;
-10.2603, -0.941348, 52.1159, 0, 0, -1.34159;
-10.2603, -0.941348, 52.1159, 0, 0, -1.34159;
-10.7547, -0.216009, 49.0645, 0, 0, -1.14159;
-10.7547, -0.216009, 49.0645, 0, 0, -1.14159;
-11.7621, -0.251136, 46.152, 0, 0, -0.941593;
-11.7621, -0.251136, 46.152, 0, 0, -0.941593;
-13.1503, -1.01883, 43.4277, 0, 0, -0.741593;
-13.1503, -1.01883, 43.4277, 0, 0, -0.741593;
-15.1318, -2.97608, 40.97, 0, 0, 0.658407;
-15.1318, -2.97608, 40.97, 0, 0, 0.658407;
-16.8922, -4.70531, 38.6519, 0, 0, 0.858407;
-16.8922, -4.70531, 38.6519, 0, 0, 0.858407;
-18.4439, -6.16794, 36.4791, 0, 0, 0.658407;
-18.4439, -6.16794, 36.4791, 0, 0, 0.658407;
-19.9059, -7.49094, 34.4749, 0, 0, 2.65841;
-19.9059, -7.49094, 34.4749, 0, 0, 2.65841;
-21.2909, -8.62974, 32.6483, 0, 0, -1.34159;
-21.2909, -8.62974, 32.6483, 0, 0, -1.34159;
-22.6334, -9.61201, 31.0176, 0, 0, 1.85841;
-22.6334, -9.61201, 31.0176, 0, 0, 1.85841;
-23.9485, -10.4658, 29.5963, 0, 0, 2.25841;
-23.9485, -10.4658, 29.5963, 0, 0, 2.25841;
-25.2397, -11.2259, 28.3902, 0, 0, -1.34159;
-25.2397, -11.2259, 28.3902, 0, 0, -1.34159;
-26.5089, -11.9333, 27.4104, 0, 0, -1.34159;
-26.5089, -11.9333, 27.4104, 0, 0, -1.34159;
-27.7718, -12.5757, 26.704, 0, 0, -0.741593;
-27.7718, -12.5757, 26.704, 0, 0, -0.741593;
-29.4211, -13.2335, 26.3841, 0, 0, 0.258407;
-29.4211, -13.2335, 26.3841, 0, 0, 0.258407;
-30.8694, -13.8922, 26.45, 0, 0, -0.741593;
-30.8694, -13.8922, 26.45, 0, 0, -0.741593;
-31.3611, -13.2499, 26.3917, 0, 0, -0.741593;
-31.3611, -13.2499, 26.3917, 0, 0, -0.741593;
-30.5928, -13.7122, 26.4422, 0, 0, 0.458407;
-30.5928, -13.7122, 26.4422, 0, 0, 0.458407;
-30.7537, -13.9659, 26.7693, 0, 0, 2.45841;
-30.7537, -13.9659, 26.7693, 0, 0, 2.45841;
-30.8971, -14.1897, 27.7375, 0, 0, 2.45841;
-30.8971, -14.1897, 27.7375, 0, 0, 2.45841;
-30.7556, -14.1781, 29.0547, 0, 0, -0.741593;
-30.7556, -14.1781, 29.0547, 0, 0, -0.741593;
-30.767, -13.7552, 30.1931, 0, 0, -0.741593;
-30.767, -13.7552, 30.1931, 0, 0, -0.741593;
-31.0746, -12.9092, 31.0077, 0, 0, -1.54159;
-31.0746, -12.9092, 31.0077, 0, 0, -1.54159;
-31.7094, -11.7561, 31.4983, 0, 0, -0.941593;
-31.7094, -11.7561, 31.4983, 0, 0, -0.941593;
-32.7393, -10.3028, 31.7395, 0, 0, -0.741593;
-32.7393, -10.3028, 31.7395, 0, 0, -0.741593;
-34.215, -8.52635, 31.8681, 0, 0, -1.74159;
-34.215, -8.52635, 31.8681, 0, 0, -1.74159;
-36.1391, -6.49688, 32.0289, 0, 0, -1.14159;
-36.1391, -6.49688, 32.0289, 0, 0, -1.14159;
-38.4732, -4.38058, 32.185, 0, 0, -1.54159;
-38.4732, -4.38058, 32.185, 0, 0, -1.54159;
-39.201, -4.23902, 30.5263, 0, 0, -0.341593;
-39.201, -4.23902, 30.5263, 0, 0, -0.341593;
-40.6216, -4.27298, 28.6526, 0, 0, 0.258407;
-40.6216, -4.27298, 28.6526, 0, 0, 0.258407;
-42.4589, -5.02969, 26.5229, 0, 0, 0.0584073;
-42.4589, -5.02969, 26.5229, 0, 0, 0.0584073;
-45.3861, -6.56438, 24.0025, 0, 0, -0.141593;
-45.3861, -6.56438, 24.0025, 0, 0, -0.141593;
-49.0358, -8.8948, 21.0406, 0, 0, -0.541593;
-49.0358, -8.8948, 21.0406, 0, 0, -0.541593;
-44.0703, -2.26791, 17.5876, 0, 0, -0.941593;
-44.0703, -2.26791, 17.5876, 0, 0, -0.941593;
-39.7231, 2.524, 13.6178, 0, 0, -0.941593;
-39.7231, 2.524, 13.6178, 0, 0, -0.941593;
-36.2235, 6.89378, 9.18792, 0, 0, -1.14159;
-36.2235, 6.89378, 9.18792, 0, 0, -1.14159;
-32.7258, 11.2497, 4.39765, 0, 0, -1.34159;
-32.7258, 11.2497, 4.39765, 0, 0, -1.34159;
-29.3867, 15.5167, -0.588727, 0, 0, -0.541593;
-29.3867, 15.5167, -0.588727, 0, 0, -0.541593;
-33.1069, 10.7679, 0.859848, 0, 0, 2.85841;
-33.1069, 10.7679, 0.859848, 0, 0, 2.85841;
-36.662, 6.22364, 2.21045, 0, 0, -2.94159;
-36.662, 6.22364, 2.21045, 0, 0, -2.94159;
-39.9271, 2.0631, 3.39977, 0, 0, 0.458407;
-39.9271, 2.0631, 3.39977, 0, 0, 0.458407;
-42.8359, -1.57313, 4.41045, 0, 0, 0.658407;
-42.8359, -1.57313, 4.41045, 0, 0, 0.658407;
-45.3319, -4.60187, 5.25073, 0, 0, 0.458407;
-45.3319, -4.60187, 5.25073, 0, 0, 0.458407;
-47.3688, -7.00919, 5.94067, 0, 0, 0.858407;
-47.3688, -7.00919, 5.94067, 0, 0, 0.858407;
-48.9006, -8.86417, 6.5097, 0, 0, 0.858407;
-48.9006, -8.86417, 6.5097, 0, 0, 0.858407;
-49.9677, -10.2852, 7.01532, 0, 0, 0.858407;
-49.9677, -10.2852, 7.01532, 0, 0, 0.858407;
-50.6713, -11.4013, 7.52625, 0, 0, 1.25841;
-50.6713, -11.4013, 7.52625, 0, 0, 1.25841;
-51.1604, -12.3153, 8.09086, 0, 0, -0.141593;
-51.1604, -12.3153, 8.09086, 0, 0, -0.141593;
-51.5367, -13.1108, 8.69909, 0, 0, 0.658407;
-51.5367, -13.1108, 8.69909, 0, 0, 0.658407;
-51.6359, -14.1091, 9.36342, 0, 0, 0.0584073;
-51.6359, -14.1091, 9.36342, 0, 0, 0.0584073;
-51.7507, -15.1038, 9.94546, 0, 0, 0.458407;
-51.7507, -15.1038, 9.94546, 0, 0, 0.458407;
-52.0322, -16.2815, 10.8879, 0, 0, 0.858407;
-52.0322, -16.2815, 10.8879, 0, 0, 0.858407;
-52.3932, -17.3369, 11.6988, 0, 0, 0.658407;
-52.3932, -17.3369, 11.6988, 0, 0, 0.658407;
-52.8427, -18.2602, 12.3987, 0, 0, 0.458407;
-52.8427, -18.2602, 12.3987, 0, 0, 0.458407;
-52.6517, -19.2029, 11.8513, 0, 0, 1.45841;
-52.6517, -19.2029, 11.8513, 0, 0, 1.45841;
-52.5844, -20.3053, 11.2152, 0, 0, 0.858407;
-52.5844, -20.3053, 11.2152, 0, 0, 0.858407;
-52.6547, -21.827, 10.3552, 0, 0, 1.25841;
-52.6547, -21.827, 10.3552, 0, 0, 1.25841;
-53.1655, -23.7859, 9.76658, 0, 0, 1.25841;
-53.1655, -23.7859, 9.76658, 0, 0, 1.25841;
-53.6723, -26.2033, 8.79839, 0, 0, 1.05841;
-53.6723, -26.2033, 8.79839, 0, 0, 1.05841;
-54.0821, -28.6707, 7.6187, 0, 0, 1.25841;
-54.0821, -28.6707, 7.6187, 0, 0, 1.25841;
-54.4386, -31.0865, 6.31131, 0, 0, -0.141593;
-54.4386, -31.0865, 6.31131, 0, 0, -0.141593;
-54.0057, -30.1828, 4.6761, 0, 0, 0.0584073;
-54.0057, -30.1828, 4.6761, 0, 0, 0.0584073;
-53.3796, -29.082, 2.78465, 0, 0, 0.0584073;
-53.3796, -29.082, 2.78465, 0, 0, 0.0584073;
-52.6543, -27.6342, 0.962653, 0, 0, 0.0584073;
-52.6543, -27.6342, 0.962653, 0, 0, 0.0584073;
-49.6926, -25.73, -3.63284, 0, 0, 2.65841;
-49.6926, -25.73, -3.63284, 0, 0, 2.65841;
