inspectionPath = [0, 0, 100, 0, 0, 0;
-0.773165, 0.443951, 98.7463, 0, 0, -2.74159;
-0.773165, 0.443951, 98.7463, 0, 0, -2.74159;
2.30421, 5.38888, 100.762, 0, 0, 3.14159;
2.30421, 5.38888, 100.762, 0, 0, 3.14159;
4.84462, 11.5395, 101.702, 0, 0, 0.258407;
4.84462, 11.5395, 101.702, 0, 0, 0.258407;
7.61344, 18.7382, 102.975, 0, 0, 3.05841;
7.61344, 18.7382, 102.975, 0, 0, 3.05841;
8.50333, 26.4679, 104.881, 0, 0, 3.05841;
8.50333, 26.4679, 104.881, 0, 0, 3.05841;
7.41655, 35.0845, 105.985, 0, 0, -2.74159;
7.41655, 35.0845, 105.985, 0, 0, -2.74159;
2.0179, 38.3036, 98.3713, 0, 0, -2.54159;
2.0179, 38.3036, 98.3713, 0, 0, -2.54159;
-3.35502, 41.4317, 90.9287, 0, 0, -2.54159;
-3.35502, 41.4317, 90.9287, 0, 0, -2.54159;
-8.48969, 44.4322, 83.6956, 0, 0, -2.34159;
-8.48969, 44.4322, 83.6956, 0, 0, -2.34159;
-13.3804, 47.3449, 76.7452, 0, 0, -2.74159;
-13.3804, 47.3449, 76.7452, 0, 0, -2.74159;
-17.9762, 50.2505, 70.0774, 0, 0, -2.14159;
-17.9762, 50.2505, 70.0774, 0, 0, -2.14159;
-22.2864, 53.236, 63.6804, 0, 0, -2.54159;
-22.2864, 53.236, 63.6804, 0, 0, -2.54159;
-26.4042, 56.3744, 57.5405, 0, 0, -2.94159;
-26.4042, 56.3744, 57.5405, 0, 0, -2.94159;
-29.3544, 59.4901, 51.5941, 0, 0, -1.94159;
-29.3544, 59.4901, 51.5941, 0, 0, -1.94159;
-31.6975, 62.6691, 45.9014, 0, 0, -2.74159;
-31.6975, 62.6691, 45.9014, 0, 0, -2.74159;
-36.6821, 63.1097, 41.8662, 0, 0, -2.54159;
-36.6821, 63.1097, 41.8662, 0, 0, -2.54159;
-38.8436, 59.4487, 41.6364, 0, 0, -1.94159;
-38.8436, 59.4487, 41.6364, 0, 0, -1.94159;
-42.1678, 56.0635, 41.1635, 0, 0, -1.94159;
-42.1678, 56.0635, 41.1635, 0, 0, -1.94159;
-45.4122, 53.1156, 40.6781, 0, 0, -2.54159;
-45.4122, 53.1156, 40.6781, 0, 0, -2.54159;
-48.7475, 50.7015, 40.0624, 0, 0, -2.34159;
-48.7475, 50.7015, 40.0624, 0, 0, -2.34159;
-51.9534, 48.8651, 39.3314, 0, 0, -1.54159;
-51.9534, 48.8651, 39.3314, 0, 0, -1.54159;
-55.012, 47.5932, 38.4781, 0, 0, -1.74159;
-55.012, 47.5932, 38.4781, 0, 0, -1.74159;
-57.9166, 46.8406, 37.5202, 0, 0, -2.54159;
-57.9166, 46.8406, 37.5202, 0, 0, -2.54159;
-60.6756, 46.5387, 36.4866, 0, 0, -1.74159;
-60.6756, 46.5387, 36.4866, 0, 0, -1.74159;
-63.3065, 46.6118, 35.4063, 0, 0, -1.74159;
-63.3065, 46.6118, 35.4063, 0, 0, -1.74159;
-62.4262, 45.6968, 34.1952, 0, 0, -0.741593;
-62.4262, 45.6968, 34.1952, 0, 0, -0.741593;
-61.4869, 44.993, 32.9641, 0, 0, -0.541593;
-61.4869, 44.993, 32.9641, 0, 0, -0.541593;
-58.9269, 44.4699, 34.0349, 0, 0, -0.141593;
-58.9269, 44.4699, 34.0349, 0, 0, -0.141593;
-56.3627, 44.0933, 35.0875, 0, 0, -0.141593;
-56.3627, 44.0933, 35.0875, 0, 0, -0.141593;
-53.8506, 43.7987, 36.1464, 0, 0, -0.141593;
-53.8506, 43.7987, 36.1464, 0, 0, -0.141593;
-51.0174, 43.6571, 37.0131, 0, 0, -0.541593;
-51.0174, 43.6571, 37.0131, 0, 0, -0.541593;
-49.2631, 40.9271, 37.3683, 0, 0, -0.541593;
-49.2631, 40.9271, 37.3683, 0, 0, -0.541593;
-45.261, 40.0227, 37.4868, 0, 0, -0.141593;
-45.261, 40.0227, 37.4868, 0, 0, -0.141593;
-41.2404, 39.4031, 37.5546, 0, 0, -0.541593;
-41.2404, 39.4031, 37.5546, 0, 0, -0.541593;
-37.1237, 39.1695, 37.5372, 0, 0, 0.0584073;
-37.1237, 39.1695, 37.5372, 0, 0, 0.0584073;
-32.9131, 39.3686, 37.4563, 0, 0, 0.0584073;
-32.9131, 39.3686, 37.4563, 0, 0, 0.0584073;
-28.6121, 39.9221, 37.3074, 0, 0, -1.14159;
-28.6121, 39.9221, 37.3074, 0, 0, -1.14159;
-24.239, 40.6935, 37.0934, 0, 0, 0.258407;
-24.239, 40.6935, 37.0934, 0, 0, 0.258407;
-19.8374, 41.5167, 36.8224, 0, 0, 0.0584073;
-19.8374, 41.5167, 36.8224, 0, 0, 0.0584073;
-15.4744, 42.2302, 36.4986, 0, 0, 0.0584073;
-15.4744, 42.2302, 36.4986, 0, 0, 0.0584073;
-11.23, 42.7064, 36.1158, 0, 0, -0.941593;
-11.23, 42.7064, 36.1158, 0, 0, -0.941593;
-7.1754, 42.8762, 35.6569, 0, 0, -0.541593;
-7.1754, 42.8762, 35.6569, 0, 0, -0.541593;
-3.35631, 42.7342, 35.0995, 0, 0, -1.34159;
-3.35631, 42.7342, 35.0995, 0, 0, -1.34159;
0.21286, 42.3322, 34.4252, 0, 0, -0.341593;
0.21286, 42.3322, 34.4252, 0, 0, -0.341593;
3.54474, 41.7683, 33.6274, 0, 0, -1.34159;
3.54474, 41.7683, 33.6274, 0, 0, -1.34159;
6.66992, 41.1728, 32.7151, 0, 0, -1.54159;
6.66992, 41.1728, 32.7151, 0, 0, -1.54159;
9.62705, 40.6835, 31.7096, 0, 0, -1.54159;
9.62705, 40.6835, 31.7096, 0, 0, -1.54159;
12.4564, 40.4158, 30.6395, 0, 0, -0.341593;
12.4564, 40.4158, 30.6395, 0, 0, -0.341593;
15.2024, 40.4376, 29.5408, 0, 0, -1.54159;
15.2024, 40.4376, 29.5408, 0, 0, -1.54159;
17.9428, 40.7639, 28.468, 0, 0, -0.141593;
17.9428, 40.7639, 28.468, 0, 0, -0.141593;
20.8505, 41.3741, 27.5174, 0, 0, -0.741593;
20.8505, 41.3741, 27.5174, 0, 0, -0.741593;
24.2783, 42.2361, 26.8508, 0, 0, -0.541593;
24.2783, 42.2361, 26.8508, 0, 0, -0.541593;
27.7544, 43.5061, 26.8899, 0, 0, -1.14159;
27.7544, 43.5061, 26.8899, 0, 0, -1.14159;
34.6084, 39.9621, 29.4499, 0, 0, -0.741593;
34.6084, 39.9621, 29.4499, 0, 0, -0.741593;
42.7145, 36.2075, 33.3569, 0, 0, -1.54159;
42.7145, 36.2075, 33.3569, 0, 0, -1.54159;
52.5562, 31.62, 38.5233, 0, 0, -1.54159;
52.5562, 31.62, 38.5233, 0, 0, -1.54159;
63.8443, 26.6083, 44.4337, 0, 0, -2.14159;
63.8443, 26.6083, 44.4337, 0, 0, -2.14159;
56.3412, 32.6147, 37.6956, 0, 0, 2.65841;
56.3412, 32.6147, 37.6956, 0, 0, 2.65841;
50.2937, 38.0588, 31.7872, 0, 0, 2.85841;
50.2937, 38.0588, 31.7872, 0, 0, 2.85841;
46.562, 42.5162, 27.2729, 0, 0, 3.05841;
46.562, 42.5162, 27.2729, 0, 0, 3.05841;
45.318, 45.97, 24.2837, 0, 0, 3.05841;
45.318, 45.97, 24.2837, 0, 0, 3.05841;
46.1802, 48.7275, 22.594, 0, 0, -0.541593;
46.1802, 48.7275, 22.594, 0, 0, -0.541593;
48.5499, 51.2166, 21.8178, 0, 0, 2.65841;
48.5499, 51.2166, 21.8178, 0, 0, 2.65841;
51.8825, 53.8083, 21.5931, 0, 0, -1.14159;
51.8825, 53.8083, 21.5931, 0, 0, -1.14159;
55.8072, 56.7249, 21.6712, 0, 0, -1.34159;
55.8072, 56.7249, 21.6712, 0, 0, -1.34159;
60.095, 60.0409, 21.9158, 0, 0, -1.54159;
60.095, 60.0409, 21.9158, 0, 0, -1.54159;
64.5862, 63.7203, 22.2595, 0, 0, -1.14159;
64.5862, 63.7203, 22.2595, 0, 0, -1.14159;
69.1321, 67.6623, 22.6644, 0, 0, -1.14159;
69.1321, 67.6623, 22.6644, 0, 0, -1.14159;
64.5326, 65.125, 21.8456, 0, 0, -2.74159;
64.5326, 65.125, 21.8456, 0, 0, -2.74159;
59.9684, 62.7945, 21.0749, 0, 0, -2.74159;
59.9684, 62.7945, 21.0749, 0, 0, -2.74159;
55.559, 60.7357, 20.3677, 0, 0, -2.74159;
55.559, 60.7357, 20.3677, 0, 0, -2.74159;
51.3953, 58.9958, 19.7375, 0, 0, -2.74159;
51.3953, 58.9958, 19.7375, 0, 0, -2.74159;
47.5344, 57.6002, 19.1946, 0, 0, -2.14159;
47.5344, 57.6002, 19.1946, 0, 0, -2.14159;
44.0006, 56.5523, 18.7461, 0, 0, -2.94159;
44.0006, 56.5523, 18.7461, 0, 0, -2.94159;
40.7913, 55.8392, 18.3973, 0, 0, -2.94159;
40.7913, 55.8392, 18.3973, 0, 0, -2.94159;
37.8841, 55.438, 18.1535, 0, 0, 3.14159;
37.8841, 55.438, 18.1535, 0, 0, 3.14159;
35.2457, 55.3231, 18.0218, 0, 0, -2.94159;
35.2457, 55.3231, 18.0218, 0, 0, -2.94159;
32.838, 55.4696, 18.0101, 0, 0, -2.34159;
32.838, 55.4696, 18.0101, 0, 0, -2.34159;
30.6215, 55.8546, 18.121, 0, 0, -2.14159;
30.6215, 55.8546, 18.121, 0, 0, -2.14159;
28.5502, 56.4563, 18.3408, 0, 0, 3.14159;
28.5502, 56.4563, 18.3408, 0, 0, 3.14159;
26.5813, 57.2478, 18.6416, 0, 0, -2.54159;
26.5813, 57.2478, 18.6416, 0, 0, -2.54159;
24.6803, 58.1945, 18.9844, 0, 0, 3.14159;
24.6803, 58.1945, 18.9844, 0, 0, 3.14159;
22.8388, 59.2517, 19.3331, 0, 0, -2.94159;
22.8388, 59.2517, 19.3331, 0, 0, -2.94159;
22.208, 58.0447, 17.3124, 0, 0, -2.14159;
22.208, 58.0447, 17.3124, 0, 0, -2.14159;
21.6073, 56.9586, 15.3109, 0, 0, -2.14159;
21.6073, 56.9586, 15.3109, 0, 0, -2.14159;
21.0128, 56.0438, 13.37, 0, 0, -2.14159;
21.0128, 56.0438, 13.37, 0, 0, -2.14159;
20.4226, 55.3327, 11.5218, 0, 0, -2.34159;
20.4226, 55.3327, 11.5218, 0, 0, -2.34159;
19.8403, 54.841, 9.77481, 0, 0, -2.54159;
19.8403, 54.841, 9.77481, 0, 0, -2.54159;
19.272, 54.5713, 8.11254, 0, 0, -2.94159;
19.272, 54.5713, 8.11254, 0, 0, -2.94159;
18.7185, 54.5225, 6.495, 0, 0, -2.74159;
18.7185, 54.5225, 6.495, 0, 0, -2.74159;
18.1976, 54.6928, 4.87318, 0, 0, -2.94159;
18.1976, 54.6928, 4.87318, 0, 0, -2.94159;
17.7633, 55.0843, 3.19864, 0, 0, -2.74159;
17.7633, 55.0843, 3.19864, 0, 0, -2.74159;
