inspectionPath = [0, 0, 100, 0, 0, 0;
-9.97394, 4.47368, 97.4851, 0, 0, -0.941593;
-9.97394, 4.47368, 97.4851, 0, 0, -0.941593;
-32.2332, 13.907, 90.2232, 0, 0, -0.541593;
-32.2332, 13.907, 90.2232, 0, 0, -0.541593;
-50.1478, 20.8956, 84.0013, 0, 0, -0.141593;
-50.1478, 20.8956, 84.0013, 0, 0, -0.141593;
-73.2968, 21.0535, 66.8203, 0, 0, 0.0584073;
-73.2968, 21.0535, 66.8203, 0, 0, 0.0584073;
-96.1565, 18.6291, 49.9856, 0, 0, -0.541593;
-96.1565, 18.6291, 49.9856, 0, 0, -0.541593;
-99.5147, 22.9331, 33.5073, 0, 0, -0.541593;
-99.5147, 22.9331, 33.5073, 0, 0, -0.541593;
-102.467, 23.8287, 17.043, 0, 0, 0.258407;
-102.467, 23.8287, 17.043, 0, 0, 0.258407;
-104.602, 21.449, 0.670627, 0, 0, 0.258407;
-104.602, 21.449, 0.670627, 0, 0, 0.258407;
-106.163, 17.0052, -15.9723, 0, 0, 0.658407;
-106.163, 17.0052, -15.9723, 0, 0, 0.658407;
-94.0712, 15.1363, -14.559, 0, 0, 0.458407;
-94.0712, 15.1363, -14.559, 0, 0, 0.458407;
-85.3472, -1.08533, -42.5622, 0, 0, -0.341593;
-85.3472, -1.08533, -42.5622, 0, 0, -0.341593;
-62.7859, -17.4342, -90.4346, 0, 0, 0.458407;
-62.7859, -17.4342, -90.4346, 0, 0, 0.458407;
-77.1569, -12.3948, -57.4657, 0, 0, -0.341593;
-77.1569, -12.3948, -57.4657, 0, 0, -0.341593;
-92.0904, -7.42014, -24.8544, 0, 0, 0.0584073;
-92.0904, -7.42014, -24.8544, 0, 0, 0.0584073;
-89.2907, -2.00668, -18.7007, 0, 0, -0.141593;
-89.2907, -2.00668, -18.7007, 0, 0, -0.141593;
-84.688, 2.57379, -13.6464, 0, 0, -1.14159;
-84.688, 2.57379, -13.6464, 0, 0, -1.14159;
-80.3037, 6.27077, -9.86972, 0, 0, -1.54159;
-80.3037, 6.27077, -9.86972, 0, 0, -1.54159;
-76.2817, 9.3179, -7.63322, 0, 0, -1.34159;
-76.2817, 9.3179, -7.63322, 0, 0, -1.34159;
-72.6956, 11.9178, -6.94034, 0, 0, -1.54159;
-72.6956, 11.9178, -6.94034, 0, 0, -1.54159;
-69.5366, 14.275, -7.63538, 0, 0, -1.54159;
-69.5366, 14.275, -7.63538, 0, 0, -1.54159;
-66.5749, 16.6439, -9.4612, 0, 0, -1.34159;
-66.5749, 16.6439, -9.4612, 0, 0, -1.34159;
-63.5288, 19.324, -11.9772, 0, 0, -1.74159;
-63.5288, 19.324, -11.9772, 0, 0, -1.74159;
-60.1948, 22.1854, -15.3259, 0, 0, -0.941593;
-60.1948, 22.1854, -15.3259, 0, 0, -0.941593;
-56.6053, 25.4917, -18.8206, 0, 0, -0.741593;
-56.6053, 25.4917, -18.8206, 0, 0, -0.741593;
-53.1069, 29.1705, -22.0533, 0, 0, -1.74159;
-53.1069, 29.1705, -22.0533, 0, 0, -1.74159;
-49.5278, 33.012, -25.3565, 0, 0, -1.34159;
-49.5278, 33.012, -25.3565, 0, 0, -1.34159;
-45.0898, 35.0494, -30.4552, 0, 0, -1.94159;
-45.0898, 35.0494, -30.4552, 0, 0, -1.94159;
-36.8005, 39.2659, -35.6645, 0, 0, -1.74159;
-36.8005, 39.2659, -35.6645, 0, 0, -1.74159;
-28.897, 43.8034, -41.0014, 0, 0, -2.54159;
-28.897, 43.8034, -41.0014, 0, 0, -2.54159;
-21.828, 48.6618, -46.4732, 0, 0, -1.94159;
-21.828, 48.6618, -46.4732, 0, 0, -1.94159;
-15.7067, 53.7998, -52.0917, 0, 0, -1.54159;
-15.7067, 53.7998, -52.0917, 0, 0, -1.54159;
-8.85337, 57.0398, -60.7012, 0, 0, -1.54159;
-8.85337, 57.0398, -60.7012, 0, 0, -1.54159;
-4.83992, 41.6122, -96.9929, 0, 0, -2.14159;
-4.83992, 41.6122, -96.9929, 0, 0, -2.14159;
14.4443, 37.1474, -92.1684, 0, 0, -2.54159;
14.4443, 37.1474, -92.1684, 0, 0, -2.54159;
36.2584, 32.3742, -77.7576, 0, 0, -2.94159;
36.2584, 32.3742, -77.7576, 0, 0, -2.94159;
51.7967, 27.2822, -64.2499, 0, 0, -2.54159;
51.7967, 27.2822, -64.2499, 0, 0, -2.54159;
64.2326, 19.7644, -58.5755, 0, 0, 3.05841;
64.2326, 19.7644, -58.5755, 0, 0, 3.05841;
80.2953, 30.4444, -35.4688, 0, 0, -1.74159;
80.2953, 30.4444, -35.4688, 0, 0, -1.74159;
96.7469, 16.3129, -42.2281, 0, 0, -2.34159;
96.7469, 16.3129, -42.2281, 0, 0, -2.34159;
117.284, 18.0126, -20.1522, 0, 0, -2.34159;
117.284, 18.0126, -20.1522, 0, 0, -2.34159;
129.833, 4.58523, -20.9305, 0, 0, -2.54159;
129.833, 4.58523, -20.9305, 0, 0, -2.54159;
116.496, -22.4319, -63.1285, 0, 0, -2.94159;
116.496, -22.4319, -63.1285, 0, 0, -2.94159;
98.3209, -22.3139, -62.5128, 0, 0, 2.25841;
98.3209, -22.3139, -62.5128, 0, 0, 2.25841;
80.8236, -22.4376, -62.1984, 0, 0, 2.45841;
80.8236, -22.4376, -62.1984, 0, 0, 2.45841;
66.3228, -22.6293, -58.8351, 0, 0, 2.45841;
66.3228, -22.6293, -58.8351, 0, 0, 2.45841;
53.4292, -23.3814, -56.3547, 0, 0, 2.85841;
53.4292, -23.3814, -56.3547, 0, 0, 2.85841;
42.2865, -24.7081, -54.9705, 0, 0, 3.14159;
42.2865, -24.7081, -54.9705, 0, 0, 3.14159;
30.5197, -26.5422, -58.0797, 0, 0, 2.45841;
30.5197, -26.5422, -58.0797, 0, 0, 2.45841;
24.7152, -30.4341, -54.3812, 0, 0, 2.85841;
24.7152, -30.4341, -54.3812, 0, 0, 2.85841;
20.2871, -34.6129, -51.3254, 0, 0, 2.45841;
20.2871, -34.6129, -51.3254, 0, 0, 2.45841;
16.9659, -39.0004, -48.5104, 0, 0, 2.85841;
16.9659, -39.0004, -48.5104, 0, 0, 2.85841;
14.436, -43.6283, -45.8905, 0, 0, 2.25841;
14.436, -43.6283, -45.8905, 0, 0, 2.25841;
15.5798, -47.7685, -38.965, 0, 0, 2.25841;
15.5798, -47.7685, -38.965, 0, 0, 2.25841;
15.2561, -49.6165, -36.5751, 0, 0, 1.85841;
15.2561, -49.6165, -36.5751, 0, 0, 1.85841;
15.069, -51.6434, -34.3059, 0, 0, 1.45841;
15.069, -51.6434, -34.3059, 0, 0, 1.45841;
15.089, -53.902, -32.1986, 0, 0, 0.658407;
15.089, -53.902, -32.1986, 0, 0, 0.658407;
16.1743, -55.3953, -31.9819, 0, 0, 0.658407;
16.1743, -55.3953, -31.9819, 0, 0, 0.658407;
18.5717, -56.0936, -33.9866, 0, 0, 2.85841;
18.5717, -56.0936, -33.9866, 0, 0, 2.85841;
21.0355, -56.8302, -36.0114, 0, 0, 3.05841;
21.0355, -56.8302, -36.0114, 0, 0, 3.05841;
25.0148, -56.784, -35.3906, 0, 0, 2.05841;
25.0148, -56.784, -35.3906, 0, 0, 2.05841;
29.1398, -56.8948, -34.8248, 0, 0, 2.25841;
29.1398, -56.8948, -34.8248, 0, 0, 2.25841;
27.7019, -61.3459, -33.6494, 0, 0, 1.85841;
27.7019, -61.3459, -33.6494, 0, 0, 1.85841;
27.6421, -64.8495, -31.2231, 0, 0, 1.65841;
27.6421, -64.8495, -31.2231, 0, 0, 1.65841;
27.9136, -68.6776, -28.9813, 0, 0, 1.65841;
27.9136, -68.6776, -28.9813, 0, 0, 1.65841;
28.5117, -72.9199, -27.0366, 0, 0, 2.05841;
28.5117, -72.9199, -27.0366, 0, 0, 2.05841;
27.6131, -74.0901, -31.1603, 0, 0, 1.25841;
27.6131, -74.0901, -31.1603, 0, 0, 1.25841;
27.0102, -75.8693, -35.5795, 0, 0, 1.85841;
27.0102, -75.8693, -35.5795, 0, 0, 1.85841;
26.6875, -78.3349, -40.1167, 0, 0, 1.65841;
26.6875, -78.3349, -40.1167, 0, 0, 1.65841;
26.587, -81.5354, -44.6981, 0, 0, 1.65841;
26.587, -81.5354, -44.6981, 0, 0, 1.65841;
26.6531, -85.5044, -49.1414, 0, 0, 1.65841;
26.6531, -85.5044, -49.1414, 0, 0, 1.65841;
26.8007, -90.0016, -53.4908, 0, 0, 0.658407;
26.8007, -90.0016, -53.4908, 0, 0, 0.658407;
20.6885, -87.6066, -49.2007, 0, 0, 1.65841;
20.6885, -87.6066, -49.2007, 0, 0, 1.65841;
14.5557, -84.7398, -46.5042, 0, 0, 2.25841;
14.5557, -84.7398, -46.5042, 0, 0, 2.25841;
7.81731, -81.6493, -45.8821, 0, 0, 1.65841;
7.81731, -81.6493, -45.8821, 0, 0, 1.65841;
1.13788, -79.5836, -45.4136, 0, 0, 2.05841;
1.13788, -79.5836, -45.4136, 0, 0, 2.05841;
-5.38887, -78.4912, -45.0517, 0, 0, 2.25841;
-5.38887, -78.4912, -45.0517, 0, 0, 2.25841;
-3.81867, -75.528, -40.6182, 0, 0, 2.85841;
-3.81867, -75.528, -40.6182, 0, 0, 2.85841;
-2.23364, -73.4844, -36.1648, 0, 0, 2.85841;
-2.23364, -73.4844, -36.1648, 0, 0, 2.85841;
-0.842523, -72.3263, -31.6426, 0, 0, 2.45841;
-0.842523, -72.3263, -31.6426, 0, 0, 2.45841;
0.361878, -71.7229, -27.3255, 0, 0, 2.45841;
0.361878, -71.7229, -27.3255, 0, 0, 2.45841;
1.3086, -71.5808, -23.2128, 0, 0, 2.25841;
1.3086, -71.5808, -23.2128, 0, 0, 2.25841;
1.98557, -71.8031, -19.3509, 0, 0, 1.85841;
1.98557, -71.8031, -19.3509, 0, 0, 1.85841;
2.43216, -72.2799, -15.8401, 0, 0, 2.05841;
2.43216, -72.2799, -15.8401, 0, 0, 2.05841;
2.7223, -72.8866, -12.8392, 0, 0, 2.85841;
2.7223, -72.8866, -12.8392, 0, 0, 2.85841;
4.40197, -71.7369, -10.5279, 0, 0, 2.85841;
4.40197, -71.7369, -10.5279, 0, 0, 2.85841;
6.02751, -70.6702, -8.71799, 0, 0, 3.14159;
6.02751, -70.6702, -8.71799, 0, 0, 3.14159;
7.60172, -69.7609, -7.24071, 0, 0, 1.65841;
7.60172, -69.7609, -7.24071, 0, 0, 1.65841;
9.11537, -69.0903, -5.9749, 0, 0, 2.45841;
9.11537, -69.0903, -5.9749, 0, 0, 2.45841;
10.6522, -68.5362, -4.79675, 0, 0, 2.05841;
10.6522, -68.5362, -4.79675, 0, 0, 2.05841;
12.1758, -68.051, -3.6112, 0, 0, 1.05841;
