inspectionPath = [];
inspectionCost = 1.79769e+308;
numObstacles = 0;
meshX = [-7.56401, -6.1721, -5.15644;
-7.56401, -5.15644, -8.4816;
-6.1721, -7.58998, -5.15644;
-7.56401, -8.4816, -11.252;
-8.4816, -7.58998, -11.252;
-6.49313, -9.47556, -11.1553;
-11.1553, -3.96958, -6.49313;
-11.252, -8.20563, -8.62103;
-5.15644, -8.54408, -5.50916;
-7.36031, -6.58903, -6.83758;
-7.36031, -9.25526, -6.58903;
-9.40566, -11.252, -6.1721;
-7.56401, -9.40566, -7.59003;
-7.59003, -9.40566, -6.1721;
-8.4816, -5.50916, -7.70744;
-7.70744, -8.20563, -8.4816;
-7.70744, -9.25526, -8.20563;
-9.25526, -7.70744, -6.58903;
-10.8155, -9.47556, -7.70979;
-4.3767, -6.49313, -3.96958;
-7.70979, -3.96958, -11.1553;
-4.3767, -3.96958, -7.70979;
-7.70979, -8.14563, -7.3108;
-8.54408, -5.50917, -5.85409;
-5.85409, -7.39318, -8.54408;
-10.2516, -8.01736, -5.72667;
-5.72667, -8.01736, -5.9036;
-9.91741, -10.2516, -5.72667;
-8.26259, -5.15641, -7.56401;
-5.15641, -7.58992, -6.17209;
-11.252, -8.26259, -7.56401;
-6.17209, -7.58992, -11.252;
-8.62101, -5.85409, -5.50917;
-10.8352, -9.47566, -6.49304;
-6.49304, -4.21882, -10.8352;
-8.62101, -7.63038, -11.2519;
-11.2519, -8.54408, -7.39318;
-5.50917, -8.54408, -5.15641;
-6.12929, -6.59438, -6.91321;
-6.91321, -9.43491, -6.12929;
-6.59438, -9.43491, -9.12082;
-9.40568, -11.252, -7.56401;
-6.17209, -11.252, -9.40568;
-8.62101, -11.2519, -7.39318;
-7.59003, -7.56401, -6.17209;
-6.17209, -9.40568, -7.59003;
-7.39318, -5.85409, -8.62101;
-7.63038, -6.12929, -9.43491;
-7.63038, -9.43491, -8.26259;
-6.59438, -6.12929, -8.26259;
-6.49304, -7.70982, -4.0441;
-10.8352, -4.21882, -7.70982;
-7.70982, -4.21882, -4.0441;
-7.70982, -6.49304, -7.31078;
-7.31078, -8.14562, -7.70982;
-9.92069, -5.9036, -5.73975;
-5.73975, -10.2636, -9.92069;
-6.49304, -4.0441, -4.21882;
-8.14562, -9.47566, -7.70982;
-76.8836, -76.4249, -53.3023;
-53.3023, -48.0768, -76.8836;
-5.73975, -8.01744, -10.2636;
-9.92069, -10.2636, -8.01744;
59.0384, 57.3675, 49.4586;
49.4586, 50.0052, 59.0384;
-76.8836, -48.0768, -45.7551;
38.878, 51.2619, -48.0768;
38.9337, 37.6138, -53.3023;
37.6138, 38.878, -53.3023;
76.9581, 38.9337, 75.1797;
37.6138, 76.9581, 38.878;
38.878, 76.9581, 51.2619;
51.2619, 71.0802, 68.5347;
68.5347, 56.7495, 51.2619;
51.2619, 11.7323, -45.7551;
-45.7551, -49.5055, -75.9911;
-45.9942, -53.3023, -76.4249;
-49.5055, -45.9942, -75.9911;
11.7323, -49.5055, -45.7551;
25.0951, -45.9942, -49.5055;
25.0951, 11.7323, 76.7766;
11.7323, 51.2619, 51.4551;
25.0951, 75.1797, 38.9337;
76.7766, 51.4551, 71.0802;
-75.9911, -76.4249, -76.8836;
62.0336, 57.3675, 62.5497;
68.8608, 62.5497, 69.0282;
68.875, 59.0384, 57.0793;
57.0793, 68.8114, 68.875;
59.0384, 62.5497, 57.3675;
68.8608, 62.3651, 62.5497;
62.5497, 59.0384, 69.0282;
68.8608, 62.0336, 62.3651;
-29.5872, -29.8491, -48.5033;
-48.5033, -48.5336, -29.5872;
68.8608, 69.0282, 68.8114;
57.3675, 62.0336, 49.4586;
-50.7697, -50.5565, -58.5597;
-48.5336, -48.5033, -58.6485;
-58.6485, -58.5597, -48.5336;
-29.8491, -28.5443, -39.4626;
-48.5033, -50.7697, -58.6485;
-58.5597, -58.6485, -50.7697;
-29.5872, -21.8361, -29.8491;
-29.5872, -29.4877, -21.8361;
-28.5443, -29.4877, -39.4626;
-58.5597, -50.5565, -48.5336;
-48.5336, -50.5565, -29.4877;
-58.1734, -58.2155, -51.418;
-51.418, -51.528, -58.1734;
-57.9739, -58.1417, -57.1471;
-55.0109, -57.9739, -57.1471;
-57.9739, -57.1179, -58.1417;
-55.0109, -54.779, -58.1417;
-55.0109, -57.1179, -57.9739;
-56.961, -56.0318, -57.1471;
-56.0318, -58.2215, -57.9739;
-55.0109, -55.3235, -56.0318;
-57.1179, -55.3235, -55.0109;
-58.2215, -55.3235, -57.1179;
-55.3235, -58.2215, -58.1417;
-58.2215, -56.0318, -56.961;
-59.3051, -59.1357, -57.3683;
-59.069, -59.1357, -59.3051;
-57.5347, -59.069, -59.1351;
5.85772, -0.036799, -1.74514;
-1.74514, 2.20206, 5.85772;
-40.5889, -35.9947, -36.1732;
-36.1732, -40.2161, -40.5889;
2.13635, 2.92332, -21.2346;
-17.2527, -22.285, -21.2346;
-22.285, -16.8807, -21.7298;
2.20206, 0.158346, 7.97444;
-16.8807, -1.69011, 2.13635;
-22.285, -21.7298, -21.2346;
2.13635, -21.7298, -16.8807;
10.0948, 9.93341, 28.0315;
28.0657, 28.0315, 7.82074;
-36.1732, -22.7496, -36.3426;
27.9288, 28.0657, 27.3631;
28.0657, 25.4786, 28.0315;
-40.8276, -40.8547, -39.0212;
-40.8547, -40.7958, -39.0029;
-40.5889, -38.9421, -38.9573;
-42.5418, -39.0212, -39.0029;
-42.5418, -38.9421, -39.0212;
-36.3426, -36.4277, -40.8276;
-36.4277, -36.4194, -40.8276;
-36.4194, -35.9947, -40.7958;
-1.74847, -0.0367951, 5.85772;
5.85772, 2.25231, -1.74847;
7.82074, 0.0247936, -22.7496;
27.3631, 28.0657, 25.9829;
-22.7496, -36.0038, -22.7215;
-22.7496, -17.2527, -22.8083;
7.82074, 9.93341, 5.85772;
9.93341, -22.8083, 5.85772;
-1.74847, -17.25, -0.0367951;
-22.8083, -0.0367951, -17.25;
-20.5133, -21.8193, -16.8803;
-16.8803, -17.25, -20.5133;
5.85772, -1.70334, 2.25231;
0.930034, 2.87454, -21.8193;
-21.8193, -22.0556, 0.930034;
8.06712, 2.87454, 0.930034;
0.930034, 1.17983, 8.06712;
0.0247869, -1.70334, 5.85772;
1.17983, -22.0556, -20.5133;
-16.8803, -21.8193, 2.87454;
-36.5468, -36.4885, -4.46947;
-4.46947, -22.8083, -36.5468;
-36.3245, -40.1882, -40.2796;
-40.2796, -36.0211, -36.3245;
-36.0038, -36.5468, -22.7215;
-22.7215, -36.5468, -22.8083;
27.3048, 27.902, -4.46947;
27.3048, -4.46947, 10.0948;
-40.5711, -40.2796, -40.1882;
-40.6716, -36.5468, -40.2796;
-39.3707, -39.0072, -38.9572;
27.9971, 25.4789, 27.902;
-40.8749, -39.0072, -39.008;
-40.8749, -39.008, -39.0007;
-40.5711, -39.0007, -38.9572;
-38.9572, -39.0072, -40.6716;
-39.0007, -39.008, -42.1062;
-42.4856, -39.0007, -42.1062;
-39.0007, -42.4856, -39.3707;
-39.008, -39.3707, -42.1062;
-39.0007, -39.3707, -38.9572;
-39.3707, -39.008, -39.0072;
-36.4885, -40.6716, -40.8749;
-36.4885, -40.8749, -40.1882;
27.3631, 25.9829, 25.9884;
25.9884, 27.3048, 27.3631;
-36.0038, -40.2796, -36.5468;
27.9971, 25.9884, 28.0377;
-36.4194, -36.4277, -36.4885;
-36.4885, -36.3245, -36.4194;
-22.7215, 7.82074, -22.7496;
25.9829, 10.3323, 25.9884;
-36.4277, -4.46947, -36.4885;
-16.8803, -22.7215, -17.25;
5.85772, 10.3323, 0.0247869;
2.25231, -1.70334, -16.8803;
1.17983, -20.5133, -17.25;
-16.8803, 2.87454, 2.25231;
-7.58998, -6.1721, -11.252;
-8.4816, -5.15644, -5.50916;
-5.85411, -8.62103, -5.50916;
-5.50916, -8.62103, -8.20563;
-8.54408, -11.252, -7.39317;
-8.54408, -8.20563, -11.252;
-5.15644, -7.58998, -8.54408;
-7.58998, -8.4816, -8.54408;
-8.20563, -8.54408, -8.4816;
-8.73572, -7.36031, -6.83758;
-9.25526, -8.73572, -6.83758;
-7.36031, -8.73572, -9.25526;
-11.252, -9.40566, -7.56401;
-11.252, -8.62103, -7.39317;
-7.56401, -7.59003, -6.1721;
-5.85411, -7.39317, -8.62103;
-7.70744, -5.50916, -6.83758;
-5.50916, -8.20563, -6.83758;
-7.70744, -6.83758, -6.58903;
-8.20563, -9.25526, -6.83758;
-9.47556, -6.49313, -8.14563;
-11.1553, -10.8155, -7.70979;
-7.70979, -6.49313, -4.3767;
-6.49313, -7.70979, -7.3108;
-6.49313, -7.3108, -8.14563;
-9.47556, -10.8155, -11.1553;
-9.47556, -8.14563, -7.70979;
-9.91741, -5.72667, -5.9036;
-10.2516, -9.91741, -8.01736;
-9.91741, -5.9036, -8.01736;
-6.17209, -7.56401, -5.15641;
-7.58992, -8.26259, -11.252;
-8.26259, -5.50917, -5.15641;
-5.50917, -7.63038, -8.62101;
-8.54408, -11.2519, -7.63038;
-5.15641, -8.54408, -7.58992;
-7.58992, -8.54408, -8.26259;
-7.63038, -8.26259, -8.54408;
-9.12082, -6.91321, -6.59438;
-9.12082, -9.43491, -6.91321;
-9.40568, -7.56401, -7.59003;
-5.50917, -8.26259, -6.12929;
-5.50917, -6.12929, -7.63038;
-8.26259, -9.43491, -6.59438;
-9.47566, -8.14562, -6.49304;
-10.8352, -7.70982, -11.2439;
-9.47566, -11.2439, -7.70982;
-11.2439, -9.47566, -10.8352;
-6.49304, -8.14562, -7.31078;
-8.01744, -5.73975, -5.9036;
-9.92069, -8.01744, -5.9036;
-8.54408, -7.39317, -5.85411;
-5.85411, -5.50916, -8.54408;
-53.3023, 38.878, -48.0768;
-48.0768, 51.2619, -45.7551;
-45.9942, 38.9337, -53.3023;
76.9581, 37.6138, 38.9337;
51.2619, 76.9581, 71.0802;
71.0802, 76.9581, 76.7766;
-75.9911, -76.8836, -45.7551;
-75.9911, -45.9942, -76.4249;
11.7323, 25.0951, -49.5055;
25.0951, 38.9337, -45.9942;
51.4551, 76.7766, 11.7323;
