inspectionPath = [0, 0, 100, 0, 0, 0;
-0.620582, -0.984977, 95.6095, 0, 0, -2.14159;
-0.620582, -0.984977, 95.6095, 0, 0, -2.14159;
-1.21509, -1.89372, 90.8865, 0, 0, -2.14159;
-1.21509, -1.89372, 90.8865, 0, 0, -2.14159;
-1.84307, -2.61686, 85.7822, 0, 0, -2.34159;
-1.84307, -2.61686, 85.7822, 0, 0, -2.34159;
-2.46359, -3.00177, 80.5476, 0, 0, -2.14159;
-2.46359, -3.00177, 80.5476, 0, 0, -2.14159;
-3.08297, -4.20588, 77.7984, 0, 0, -2.14159;
-3.08297, -4.20588, 77.7984, 0, 0, -2.14159;
-3.62873, -4.92572, 75.3358, 0, 0, -2.14159;
-3.62873, -4.92572, 75.3358, 0, 0, -2.14159;
-4.12492, -5.20665, 73.1615, 0, 0, -1.74159;
-4.12492, -5.20665, 73.1615, 0, 0, -1.74159;
-4.57563, -5.14357, 71.2498, 0, 0, -1.74159;
-4.57563, -5.14357, 71.2498, 0, 0, -1.74159;
-5.11758, -4.82834, 69.549, 0, 0, -2.14159;
-5.11758, -4.82834, 69.549, 0, 0, -2.14159;
-5.74602, -4.33269, 68.011, 0, 0, -1.74159;
-5.74602, -4.33269, 68.011, 0, 0, -1.74159;
-4.81885, -3.74766, 66.5944, 0, 0, -0.541593;
-4.81885, -3.74766, 66.5944, 0, 0, -0.541593;
-3.99498, -3.05548, 65.27, 0, 0, 0.658407;
-3.99498, -3.05548, 65.27, 0, 0, 0.658407;
-3.30072, -2.27834, 64.0255, 0, 0, -1.54159;
-3.30072, -2.27834, 64.0255, 0, 0, -1.54159;
-2.679, -1.43247, 62.8608, 0, 0, 0.658407;
-2.679, -1.43247, 62.8608, 0, 0, 0.658407;
-2.06581, -0.527647, 61.7818, 0, 0, 0.258407;
-2.06581, -0.527647, 61.7818, 0, 0, 0.258407;
-1.56343, 1.30005, 60.2766, 0, 0, 0.458407;
-1.56343, 1.30005, 60.2766, 0, 0, 0.458407;
-1.0424, 3.17597, 58.8598, 0, 0, 3.05841;
-1.0424, 3.17597, 58.8598, 0, 0, 3.05841;
-2.91559, 3.73347, 57.9481, 0, 0, -2.74159;
-2.91559, 3.73347, 57.9481, 0, 0, -2.74159;
-4.73003, 4.38026, 57.0612, 0, 0, -2.14159;
-4.73003, 4.38026, 57.0612, 0, 0, -2.14159;
-6.46231, 5.12499, 56.1503, 0, 0, 0.658407;
-6.46231, 5.12499, 56.1503, 0, 0, 0.658407;
-8.12207, 5.95906, 55.1916, 0, 0, -1.94159;
-8.12207, 5.95906, 55.1916, 0, 0, -1.94159;
-9.81024, 6.71836, 54.0052, 0, 0, -1.94159;
-9.81024, 6.71836, 54.0052, 0, 0, -1.94159;
-11.6078, 7.36817, 52.7043, 0, 0, -1.94159;
-11.6078, 7.36817, 52.7043, 0, 0, -1.94159;
-13.4412, 8.05448, 51.2486, 0, 0, 0.658407;
-13.4412, 8.05448, 51.2486, 0, 0, 0.658407;
-15.2665, 8.88339, 49.6318, 0, 0, -1.74159;
-15.2665, 8.88339, 49.6318, 0, 0, -1.74159;
-17.0363, 9.91598, 47.8818, 0, 0, -1.94159;
-17.0363, 9.91598, 47.8818, 0, 0, -1.94159;
-18.9334, 10.9562, 46.0397, 0, 0, 2.85841;
-18.9334, 10.9562, 46.0397, 0, 0, 2.85841;
-20.3958, 12.4427, 44.1733, 0, 0, 0.0584073;
-20.3958, 12.4427, 44.1733, 0, 0, 0.0584073;
-20.1046, 11.9943, 43.0807, 0, 0, -0.541593;
-20.1046, 11.9943, 43.0807, 0, 0, -0.541593;
-18.2644, 11.5962, 42.6835, 0, 0, -0.941593;
-18.2644, 11.5962, 42.6835, 0, 0, -0.941593;
-19.004, 8.77618, 42.645, 0, 0, -1.34159;
-19.004, 8.77618, 42.645, 0, 0, -1.34159;
-18.6476, 6.68414, 42.7133, 0, 0, -1.54159;
-18.6476, 6.68414, 42.7133, 0, 0, -1.54159;
-18.476, 4.58885, 42.7767, 0, 0, -1.34159;
-18.476, 4.58885, 42.7767, 0, 0, -1.34159;
-18.2275, 2.69629, 42.8105, 0, 0, -1.54159;
-18.2275, 2.69629, 42.8105, 0, 0, -1.54159;
-18.02, 0.934741, 42.7902, 0, 0, -1.54159;
-18.02, 0.934741, 42.7902, 0, 0, -1.54159;
-17.849, -0.687557, 42.6995, 0, 0, -1.54159;
-17.849, -0.687557, 42.6995, 0, 0, -1.54159;
-17.6955, -2.16169, 42.5314, 0, 0, -1.54159;
-17.6955, -2.16169, 42.5314, 0, 0, -1.54159;
-17.5498, -3.49393, 42.2836, 0, 0, -1.54159;
-17.5498, -3.49393, 42.2836, 0, 0, -1.54159;
-17.405, -4.70998, 41.9586, 0, 0, -1.54159;
-17.405, -4.70998, 41.9586, 0, 0, -1.54159;
-17.2647, -5.84792, 41.5634, 0, 0, -0.741593;
-17.2647, -5.84792, 41.5634, 0, 0, -0.741593;
-17.1385, -6.94617, 41.1096, 0, 0, -1.54159;
-17.1385, -6.94617, 41.1096, 0, 0, -1.54159;
-17.0361, -8.03076, 40.6116, 0, 0, -1.54159;
-17.0361, -8.03076, 40.6116, 0, 0, -1.54159;
-16.9543, -9.11223, 40.0857, 0, 0, -0.941593;
-16.9543, -9.11223, 40.0857, 0, 0, -0.941593;
-16.8839, -10.1931, 39.5466, 0, 0, -1.54159;
-16.8839, -10.1931, 39.5466, 0, 0, -1.54159;
-16.6793, -11.0658, 38.784, 0, 0, -0.341593;
-16.6793, -11.0658, 38.784, 0, 0, -0.341593;
-16.467, -11.9326, 38.0165, 0, 0, -0.141593;
-16.467, -11.9326, 38.0165, 0, 0, -0.141593;
-16.2437, -12.7906, 37.2389, 0, 0, -1.14159;
-16.2437, -12.7906, 37.2389, 0, 0, -1.14159;
-16.0107, -13.6404, 36.4468, 0, 0, -0.541593;
-16.0107, -13.6404, 36.4468, 0, 0, -0.541593;
-15.7704, -14.4864, 35.6398, 0, 0, -0.141593;
-15.7704, -14.4864, 35.6398, 0, 0, -0.141593;
-15.5247, -15.3346, 34.8215, 0, 0, -2.34159;
-15.5247, -15.3346, 34.8215, 0, 0, -2.34159;
-15.2812, -16.1778, 33.9985, 0, 0, -0.141593;
-15.2812, -16.1778, 33.9985, 0, 0, -0.141593;
-15.0481, -17.0082, 33.1794, 0, 0, -0.541593;
-15.0481, -17.0082, 33.1794, 0, 0, -0.541593;
-14.8269, -17.8258, 32.3706, 0, 0, 0.0584073;
-14.8269, -17.8258, 32.3706, 0, 0, 0.0584073;
-13.5895, -19.1018, 31.3895, 0, 0, -2.34159;
-13.5895, -19.1018, 31.3895, 0, 0, -2.34159;
-12.3429, -20.4076, 30.4346, 0, 0, -1.54159;
-12.3429, -20.4076, 30.4346, 0, 0, -1.54159;
-11.5166, -21.4562, 29.6456, 0, 0, 0.258407;
-11.5166, -21.4562, 29.6456, 0, 0, 0.258407;
-7.56242, -21.6888, 29.3025, 0, 0, 0.658407;
-7.56242, -21.6888, 29.3025, 0, 0, 0.658407;
-5.79116, -20.8912, 29.4018, 0, 0, 2.25841;
-5.79116, -20.8912, 29.4018, 0, 0, 2.25841;
-2.36277, -18.3232, 28.2138, 0, 0, 1.65841;
-2.36277, -18.3232, 28.2138, 0, 0, 1.65841;
-0.154686, -15.7799, 27.7691, 0, 0, 1.85841;
-0.154686, -15.7799, 27.7691, 0, 0, 1.85841;
0.0930574, -14.564, 27.5774, 0, 0, 2.05841;
0.0930574, -14.564, 27.5774, 0, 0, 2.05841;
-0.13695, -13.6475, 27.3745, 0, 0, 2.65841;
-0.13695, -13.6475, 27.3745, 0, 0, 2.65841;
-1.92118, -14.4623, 27.0044, 0, 0, 3.05841;
-1.92118, -14.4623, 27.0044, 0, 0, 3.05841;
-3.66593, -14.9268, 26.5949, 0, 0, 2.85841;
-3.66593, -14.9268, 26.5949, 0, 0, 2.85841;
-5.08384, -15.1965, 26.2833, 0, 0, 2.85841;
-5.08384, -15.1965, 26.2833, 0, 0, 2.85841;
-6.14173, -15.3605, 26.049, 0, 0, 2.85841;
-6.14173, -15.3605, 26.049, 0, 0, 2.85841;
-7.04025, -15.5036, 25.8526, 0, 0, 2.65841;
-7.04025, -15.5036, 25.8526, 0, 0, 2.65841;
-7.92843, -15.6458, 25.6463, 0, 0, 2.65841;
-7.92843, -15.6458, 25.6463, 0, 0, 2.65841;
-8.95317, -15.8316, 25.3764, 0, 0, -2.94159;
-8.95317, -15.8316, 25.3764, 0, 0, -2.94159;
-10.082, -16.2165, 25.0064, 0, 0, -1.14159;
-10.082, -16.2165, 25.0064, 0, 0, -1.14159;
-11.2975, -16.8118, 24.5314, 0, 0, 1.05841;
-11.2975, -16.8118, 24.5314, 0, 0, 1.05841;
-12.9238, -16.8893, 24.0034, 0, 0, 2.25841;
-12.9238, -16.8893, 24.0034, 0, 0, 2.25841;
-14.3746, -17.1007, 23.476, 0, 0, 1.05841;
-14.3746, -17.1007, 23.476, 0, 0, 1.05841;
-15.6025, -17.3624, 23.0105, 0, 0, -0.141593;
-15.6025, -17.3624, 23.0105, 0, 0, -0.141593;
-15.0317, -18.1686, 22.737, 0, 0, 0.858407;
-15.0317, -18.1686, 22.737, 0, 0, 0.858407;
-16.0775, -18.0166, 22.4702, 0, 0, 2.65841;
-16.0775, -18.0166, 22.4702, 0, 0, 2.65841;
-17.2372, -16.5493, 22.2675, 0, 0, 1.85841;
-17.2372, -16.5493, 22.2675, 0, 0, 1.85841;
-18.362, -15.1476, 22.0164, 0, 0, 0.658407;
-18.362, -15.1476, 22.0164, 0, 0, 0.658407;
-19.6693, -13.436, 21.6454, 0, 0, 3.05841;
-19.6693, -13.436, 21.6454, 0, 0, 3.05841;
-20.5001, -12.9136, 21.1748, 0, 0, 2.45841;
-20.5001, -12.9136, 21.1748, 0, 0, 2.45841;
-21.5333, -12.0236, 20.5983, 0, 0, 2.45841;
-21.5333, -12.0236, 20.5983, 0, 0, 2.45841;
-22.5752, -11.1028, 19.9885, 0, 0, 0.858407;
-22.5752, -11.1028, 19.9885, 0, 0, 0.858407;
-23.6317, -10.0707, 19.3661, 0, 0, 0.658407;
-23.6317, -10.0707, 19.3661, 0, 0, 0.658407;
-24.6501, -8.99226, 18.7318, 0, 0, 0.858407;
-24.6501, -8.99226, 18.7318, 0, 0, 0.858407;
-26.137, -11.3449, 17.5085, 0, 0, -1.34159;
-26.137, -11.3449, 17.5085, 0, 0, -1.34159;
-27.5384, -13.7042, 16.0688, 0, 0, -0.341593;
-27.5384, -13.7042, 16.0688, 0, 0, -0.341593;
-29.1946, -15.2995, 15.576, 0, 0, -0.541593;
-29.1946, -15.2995, 15.576, 0, 0, -0.541593;
-28.2865, -22.1246, 11.1397, 0, 0, 1.05841;
-28.2865, -22.1246, 11.1397, 0, 0, 1.05841;
-33.6505, -22.0843, 11.4371, 0, 0, 3.05841;
-33.6505, -22.0843, 11.4371, 0, 0, 3.05841;
-39.0424, -21.096, 12.077, 0, 0, 2.05841;
